"species","x","y","bio1","bio2","bio3","bio4","bio12","bio15","bio18","bio19"
"species",1,1,-2.49483323097229,12.066333770752,32.939323425293,915.448120117188,435,61.5283889770508,199,37
"species",2,2,1.64833331108093,12.3406667709351,31.8485260009766,969.552062988281,106,35.7140808105469,28,29
"species",3,3,0.556833326816559,11.9729995727539,26.9225578308105,1219.17626953125,170,105.33829498291,116,5
"species",4,4,1.37933325767517,12.1466665267944,27.0720043182373,1223.34008789062,161,107.028549194336,111,4
"species",5,5,-3.8898332118988,11.6309995651245,30.2575454711914,982.873107910156,103,51.0147933959961,40,19
"species",6,6,4.09516668319702,12.331000328064,31.8696365356445,967.135864257812,114,41.5133247375488,26,36
"species",7,7,2.68666648864746,12.1006660461426,33.9334449768066,850.535766601562,566,97.3460083007812,11,189
"species",8,8,0.958666682243347,12.1873331069946,31.5668601989746,969.327087402344,102,35.7669486999512,29,27
"species",9,9,-0.590833485126495,11.9816665649414,31.2413101196289,966.703430175781,102,40.5204124450684,34,23
"species",10,10,4.38983345031738,12.4689998626709,25.9597778320312,1314.55773925781,119,104.622947692871,81,4
"species",11,11,2.82666659355164,12.7786664962769,32.6252708435059,969.3056640625,112,39.6513023376465,26,35
"species",12,12,8.61733341217041,12.6226663589478,31.3186454772949,965.931091308594,438,35.9483337402344,136,61
"species",13,13,-5.21433353424072,12.3986663818359,31.1336555480957,1015.93762207031,529,52.4002685546875,204,56
"species",14,14,-2.22950005531311,10.628999710083,30.3408317565918,914.259094238281,489,62.0751762390137,219,38
"species",15,15,1.10450005531311,12.1490001678467,27.0169906616211,1229.23461914062,162,107.546813964844,112,4
"species",16,16,-3.51500010490417,11.6333332061768,30.3742389678955,976.62158203125,103,47.6020622253418,37,21
"species",17,17,-6.5513334274292,11.7626667022705,31.5759334564209,936.365173339844,138,76.4674606323242,66,20
"species",18,18,-5.05749988555908,12.8649997711182,32.5399627685547,995.129516601562,571,51.1799774169922,215,63
"species",19,19,-2.42533349990845,10.8466663360596,31.7748603820801,835.360534667969,516,58.5560646057129,51,151
"species",20,20,1.51800000667572,11.7133331298828,24.651346206665,1299.98193359375,179,109.787055969238,124,6
"species",21,21,0.281166821718216,11.9463329315186,26.8215847015381,1224.212890625,174,102.175743103027,116,7
"species",22,22,-6.9176664352417,12.3746671676636,30.7766284942627,1024.66394042969,561,51.4156379699707,216,59
"species",23,23,-2.25049996376038,10.5229997634888,25.3370895385742,1152.97973632812,236,115.804779052734,169,5
"species",24,24,0.71916663646698,12.0023336410522,27.0908584594727,1209.3837890625,173,105.663261413574,118,4
"species",25,25,3.0843334197998,11.9519996643066,25.5231914520264,1294.54248046875,135,115.609870910645,98,4
"species",26,26,1.18233346939087,13.7806663513184,29.911153793335,1195.978515625,369,46.272518157959,118,53
